newtonInt //day6
newtonInt([1 2 4],[2 3 10],3)

fdd =

    2     1     0
    3     0     0
    10     0     0


fdd =

    2.0000    1.0000         0
    3.0000    3.5000         0
   10.0000         0         0


fdd =

    2.0000    1.0000    0.8333
    3.0000    3.5000         0
   10.0000         0         0


xterm =

     1


yint =

     2
     0
     0


Ea =

     0
     2


Ea =

         0
    2.0000
    1.6667


ans =

    5.6667